##FastQC	0.11.5
>>Basic Statistics	pass
#Measure	Value
Filename	SRR4301589_2_val_2.fq
File type	Conventional base calls
Encoding	Sanger / Illumina 1.9
Total Sequences	779788
Sequences flagged as poor quality	0
Sequence length	150-301
%GC	51
>>END_MODULE
>>Per base sequence quality	pass
#Base	Mean	Median	Lower Quartile	Upper Quartile	10th Percentile	90th Percentile
1	32.9796508794698	34.0	34.0	34.0	32.0	34.0
2	33.18148009458981	34.0	34.0	34.0	33.0	34.0
3	33.10158273787234	34.0	34.0	34.0	33.0	34.0
4	33.30843126593382	34.0	34.0	34.0	34.0	34.0
5	33.352754851318565	34.0	34.0	34.0	34.0	34.0
6	36.77822049069747	38.0	37.0	38.0	35.0	38.0
7	36.766855863388514	38.0	37.0	38.0	34.0	38.0
8	36.77127244840906	38.0	37.0	38.0	35.0	38.0
9	36.844184573242984	38.0	38.0	38.0	35.0	38.0
10-14	36.76920239860065	38.0	37.8	38.0	34.6	38.0
15-19	36.65557202726895	38.0	37.4	38.0	34.0	38.0
20-24	36.71749347258485	38.0	37.6	38.0	34.0	38.0
25-29	36.622747464695536	38.0	37.0	38.0	34.0	38.0
30-34	36.59909103499926	38.0	37.0	38.0	34.0	38.0
35-39	36.55897602938235	38.0	37.0	38.0	34.0	38.0
40-44	36.510411547754	38.0	37.0	38.0	34.0	38.0
45-49	36.44785480156145	38.0	37.0	38.0	34.0	38.0
50-54	36.3678971720519	38.0	37.0	38.0	34.0	38.0
55-59	36.31481274397656	38.0	37.0	38.0	34.0	38.0
60-64	36.2951730470333	38.0	37.0	38.0	34.0	38.0
65-69	36.279353875668775	38.0	37.0	38.0	34.0	38.0
70-74	36.22312525968597	38.0	37.0	38.0	34.0	38.0
75-79	36.17430250273151	38.0	37.0	38.0	34.0	38.0
80-84	36.034869477345126	38.0	37.0	38.0	32.8	38.0
85-89	36.05907990376871	38.0	37.0	38.0	33.0	38.0
90-94	35.89044766013327	38.0	37.0	38.0	31.6	38.0
95-99	35.83754789763371	38.0	37.0	38.0	31.4	38.0
100-104	35.87024986278322	38.0	37.0	38.0	31.2	38.0
105-109	35.80068685334988	38.0	36.8	38.0	31.0	38.0
110-114	35.69029890175278	38.0	36.2	38.0	30.8	38.0
115-119	35.62544332562184	38.0	36.0	38.0	30.4	38.0
120-124	35.51555884419868	38.0	36.0	38.0	30.0	38.0
125-129	35.41002836668427	38.0	36.0	38.0	29.2	38.0
130-134	35.25148014588581	38.0	36.0	38.0	28.6	38.0
135-139	35.07060662641642	38.0	35.4	38.0	27.8	38.0
140-144	34.989217325734685	38.0	35.0	38.0	27.4	38.0
145-149	34.846846578813725	38.0	34.8	38.0	26.6	38.0
150-154	34.85748386612075	38.0	35.0	38.0	27.0	38.0
155-159	34.4380933294482	37.0	34.0	38.0	25.4	38.0
160-164	34.485041964428255	37.0	34.0	38.0	25.4	38.0
165-169	34.230550758433075	37.0	34.0	38.0	24.8	38.0
170-174	34.0223823597269	37.0	34.0	38.0	24.4	38.0
175-179	34.064485252167124	37.0	34.0	38.0	24.0	38.0
180-184	33.85451533663678	37.0	34.0	38.0	23.8	38.0
185-189	33.542508980893246	37.0	33.6	38.0	22.8	38.0
190-194	33.438154932748496	37.0	33.4	38.0	23.0	38.0
195-199	33.23309678397412	36.8	32.8	38.0	22.8	38.0
200-204	33.0716892957948	36.0	31.6	38.0	22.0	38.0
205-209	32.884087913721814	36.0	30.6	38.0	22.0	38.0
210-214	32.358958705571325	36.0	29.4	38.0	20.0	38.0
215-219	32.07457453633549	36.0	28.2	38.0	19.8	38.0
220-224	31.880196065501558	35.6	28.0	38.0	20.0	38.0
225-229	31.81740909090174	35.4	27.6	38.0	20.0	38.0
230-234	31.586422658421487	35.0	26.8	37.8	19.8	38.0
235-239	31.06600504129587	34.6	26.0	37.6	18.6	38.0
240-244	30.5241308017007	34.2	25.0	37.2	17.4	38.0
245-249	29.691639485964192	34.0	23.6	37.0	14.4	38.0
250-254	29.927478351133658	34.0	24.0	37.0	15.4	38.0
255-259	29.03121805443819	33.6	22.6	37.0	13.6	38.0
260-264	28.864455405166247	33.0	22.0	37.0	14.0	37.8
265-269	27.986053701105227	30.8	21.4	37.0	10.6	37.4
270-274	27.58191727895949	29.8	21.0	37.0	9.6	37.4
275-279	26.978637748470607	29.0	20.0	36.8	9.0	37.0
280-284	26.02326724695025	27.8	19.2	35.4	9.0	37.0
285-289	25.835617001537706	28.0	19.0	35.4	9.0	37.0
290-294	24.86588325264843	26.2	17.6	34.2	9.0	37.0
295-299	25.273268088552737	26.4	18.4	33.8	9.8	37.0
300-301	30.39551685413353	30.5	26.0	35.5	23.0	37.0
>>END_MODULE
>>Per sequence quality scores	pass
#Quality	Count
14	6.0
15	23.0
16	67.0
17	151.0
18	242.0
19	361.0
20	480.0
21	700.0
22	904.0
23	1196.0
24	1725.0
25	3059.0
26	5596.0
27	9367.0
28	14061.0
29	20008.0
30	27696.0
31	36990.0
32	49721.0
33	67986.0
34	99475.0
35	142757.0
36	152367.0
37	144850.0
>>END_MODULE
>>Per base sequence content	fail
#Base	G	A	T	C
1	43.80322284815931	19.489034969418135	13.303945972467332	23.403796209955225
2	17.39729259747521	17.444100191334055	39.356209636465294	25.80239757472544
3	23.06780817350357	22.439047535996963	27.266513462633434	27.226630827866032
4	14.817232375979112	15.488312207933438	34.987458129645496	34.706997286441954
5	16.338799776349468	34.000779699097706	33.50859464367238	16.151825880880445
6	33.79918644554674	33.88151651474504	16.908698261578788	15.410598778129438
7	27.404114964580117	28.17470902347818	21.26026561065315	23.160910401288557
8	25.52386033126953	35.18456298378534	18.298691439211684	20.992885245733454
9	23.148342882937413	16.351495534683785	20.300645816555267	40.19951576582353
10-14	27.12211465432795	20.86598268157757	24.66804305007178	27.34385961402269
15-19	25.870618946348884	25.884239300647387	23.24743104984203	24.99771070316169
20-24	25.395512459960155	24.43694152932767	24.63384175500503	25.533704255707146
25-29	25.547667670563754	24.34204215341825	24.476365328256907	25.633924847761087
30-34	25.537508024948323	24.448090030237672	24.427314295065198	25.587087649748806
35-39	25.546362380494852	24.398107513467014	24.425757145942352	25.62977296009578
40-44	25.524971561288467	24.400504266127346	24.399863032496437	25.674661140087746
45-49	25.555715143090175	24.316070521731547	24.42684421919804	25.701370115980243
50-54	25.56728894706996	24.371091725210373	24.407050225715253	25.654569102004416
55-59	25.5883951479218	24.3138948743749	24.32153828515206	25.77617169255124
60-64	25.5592545666258	24.39345052757929	24.408505901604023	25.638789004190883
65-69	25.63581448887594	24.262183323860665	24.314582234743018	25.78741995252038
70-74	25.58270941861151	24.301920862220648	24.42493401765172	25.69043570151612
75-79	25.62493908600799	24.242255587416068	24.308376122741052	25.824429203834885
80-84	25.54701185716008	24.32136161132214	24.385943763769873	25.74568276774791
85-89	25.622050124131725	24.286931913639513	24.309452350679628	25.781565611549134
90-94	25.57905482002801	24.30868389870067	24.349874581296454	25.762386699974865
95-99	25.605108120516352	24.30891869224318	24.366601776403026	25.719371410837443
100-104	25.555972773454272	24.300035754205993	24.396423348265973	25.747568124073762
105-109	25.62474303801332	24.26505986396756	24.333386424917855	25.776810673101263
110-114	25.608788604362754	24.233273526843025	24.359008229697963	25.798929639096258
115-119	25.57282235684571	24.30219495555202	24.329638311951456	25.79534437565082
120-124	25.651168910714645	24.175827276276188	24.33549350844551	25.83751030456366
125-129	25.571264387568004	24.31769258252053	24.38742950325717	25.723613526654304
130-134	25.549050663349387	24.250694128283882	24.33302768177184	25.867227526594895
135-139	25.635285714102512	24.18513868601906	24.399352127450843	25.780223472427586
140-144	25.551098503695872	24.285523757739284	24.343949894073774	25.819427844491067
145-149	25.538357999445488	24.236362764331528	24.43162101279348	25.7936582234295
150-154	25.629334875770144	24.220587399875022	24.364287079165226	25.78579064518961
155-159	25.5665276198231	24.276785134647476	24.389802857666268	25.766884387863158
160-164	25.557192448625365	24.200934279040865	24.414039899715	25.82783337261877
165-169	25.52298817085251	24.2970125787454	24.389727444557796	25.790271805844295
170-174	25.536253803905506	24.28559877816191	24.358704267452502	25.819443150480083
175-179	25.574863807496058	24.276509125893963	24.35892841734033	25.78969864926965
180-184	25.526788342655284	24.32849573152782	24.371828083603177	25.772887842213716
185-189	25.527990811145578	24.300718538586548	24.37277550269357	25.798515147574296
190-194	25.46126950477976	24.345043605360537	24.41699964585114	25.776687244008567
195-199	25.493421905043252	24.326383382309498	24.43690366984364	25.743291042803612
200-204	25.44876191257825	24.388221645852205	24.478634974014575	25.684381467554967
205-209	25.384085905015567	24.3470048456289	24.48747616127398	25.781433088081553
210-214	25.429666006205064	24.43572603969191	24.435652231355185	25.69895572274784
215-219	25.32699950505671	24.51138873031942	24.527925567964854	25.633686196659017
220-224	25.33586902284945	24.43954971590153	24.572419628234407	25.652161633014614
225-229	25.277621166881964	24.518750885008416	24.620434551075952	25.58319339703367
230-234	25.248891460668222	24.572950018786447	24.627108726501305	25.551049794044022
235-239	25.17744580440524	24.629114781674183	24.662518684065198	25.53092072985538
240-244	25.21145658057596	24.656595799654035	24.658096727280913	25.473850892489093
245-249	25.098564434564313	24.823693780306737	24.67445992530714	25.403281859821806
250-254	24.982105722091358	24.838261447789797	24.767813510571894	25.411819319546954
255-259	24.901293220624215	24.972627818040227	24.7506525378288	25.37542642350676
260-264	24.956794943435607	24.98366164242126	24.76487937740311	25.294664036740027
265-269	24.90536687383302	25.108108786211286	24.739612208543328	25.24691213141237
270-274	24.79253029810642	25.148507178103813	24.882361178264098	25.176601345525672
275-279	24.701440306834165	25.36060619771896	24.734749989650894	25.20320350579598
280-284	24.675408428755837	25.433749065685852	24.921105297600864	24.969737207957447
285-289	24.472176419926356	25.86104745533351	24.923019032850277	24.743757091889858
290-294	24.106721901139476	26.516652451912638	24.877497073173316	24.499128573774573
295-299	23.484222540146924	29.29560031506695	24.923242617627675	22.29693452715845
300-301	27.121639078721028	48.72792016117697	15.190661374421857	8.95977938568015
>>END_MODULE
>>Per sequence GC content	warn
#GC Content	Count
0	0.0
1	0.0
2	0.0
3	0.0
4	0.0
5	0.0
6	0.0
7	0.0
8	0.0
9	0.0
10	0.0
11	0.0
12	0.0
13	0.0
14	0.5
15	0.5
16	0.0
17	0.0
18	0.0
19	1.0
20	3.833333333333333
21	7.916666666666665
22	11.166666666666666
23	13.833333333333336
24	32.49999999999999
25	74.25
26	102.74999999999983
27	157.50000000000014
28	239.33333333333428
29	371.166666666665
30	543.9166666666636
31	746.5000000000068
32	1009.9166666666872
33	1365.9999999999875
34	1720.5833333332762
35	2085.9166666665838
36	2513.583333333342
37	2963.0000000001123
38	3560.0833333335977
39	4276.1666666669935
40	5042.249999999945
41	6023.999999999439
42	7119.083333332252
43	8438.33333333197
44	10271.416666667004
45	12330.666666669118
46	14551.50000000469
47	17301.33333333824
48	20567.24999999833
49	23929.166666657762
50	27411.166666650537
51	30566.083333309878
52	32833.08333330544
53	34070.41666664404
54	33687.74999997623
55	31263.66666664245
56	27727.66666665048
57	23544.83333332597
58	19154.916666667952
59	15137.833333338105
60	11629.416666668038
61	8538.999999999009
62	6209.3333333329165
63	4466.166666666824
64	3129.3333333334313
65	2154.9166666666206
66	1413.9999999999916
67	871.4166666666727
68	555.6666666666649
69	362.6666666666662
70	227.916666666667
71	125.66666666666657
72	74.08333333333334
73	57.41666666666669
74	40.33333333333333
75	27.916666666666664
76	15.250000000000004
77	7.0
78	2.5
79	1.5833333333333333
80	0.0
81	0.75
82	1.5833333333333333
83	0.5
84	0.0
85	0.0
86	0.25
87	0.25
88	0.25
89	0.75
90	2.0833333333333335
91	1.25
92	0.25
93	0.0
94	0.3333333333333333
95	0.3333333333333333
96	0.5
97	0.25
98	1.0833333333333333
99	2.75
100	15.000000000000004
>>END_MODULE
>>Per base N content	pass
#Base	N-Count
1	0.15670925943974515
2	0.0
3	0.0
4	0.0
5	0.0
6	0.0
7	0.0
8	0.0
9	0.0
10-14	0.008130414933289561
15-19	0.009310222778498772
20-24	2.8212796298481127E-4
25-29	0.0034368315490877007
30-34	0.004129327458232237
35-39	0.003949791481787358
40-44	0.0052578393101714825
45-49	0.0
50-54	2.5647996634982845E-5
55-59	0.004026735471692306
60-64	0.0
65-69	1.0259198653993138E-4
70-74	0.004360159427947083
75-79	0.0
80-84	7.694398990494853E-4
85-89	0.0066428311284605565
90-94	0.0
95-99	0.001282399831749142
100-104	0.0025135036702283184
105-109	4.3601594279470834E-4
110-114	0.006540239141920624
115-119	0.0
120-124	0.004667935387566877
125-129	2.5647996634982845E-5
130-134	0.004231919444772169
135-139	6.41199915874571E-4
140-144	0.0
145-149	2.5647996634982845E-5
150-154	9.295849712964818E-4
155-159	0.0037846363214175983
160-164	5.357101722254633E-5
165-169	0.009081894340912977
170-174	0.0
175-179	0.001433358436217413
180-184	5.004390616826468E-4
185-189	9.094265701704447E-5
190-194	3.4413640065235747E-4
195-199	0.013570256847069036
200-204	1.681792710303133E-4
205-209	9.12143080166852E-4
210-214	0.3321378088688519
215-219	5.421884585117391E-4
220-224	6.549305834981234E-4
225-229	0.002953560473716352
230-234	0.001204541864084129
235-239	0.0016900498316163586
240-244	0.0013936990864302488
245-249	0.7371899120648101
250-254	0.0015055432219503184
255-259	9.538441623033973E-4
260-264	6.661120666941006E-4
265-269	0.3467326956269256
270-274	0.0033465286370381463
275-279	0.01655582924009706
280-284	0.0022201031396487164
285-289	0.0038562033457822486
290-294	0.005297143250644927
295-299	1.6074818635858742E-4
300-301	0.0
>>END_MODULE
>>Sequence Length Distribution	warn
#Length	Count
150-154	13376.0
155-159	13845.0
160-164	15043.0
165-169	16000.0
170-174	16872.0
175-179	17744.0
180-184	19091.0
185-189	20281.0
190-194	20945.0
195-199	22682.0
200-204	23690.0
205-209	25573.0
210-214	27403.0
215-219	27429.0
220-224	27921.0
225-229	28564.0
230-234	29184.0
235-239	29416.0
240-244	29228.0
245-249	26246.0
250-254	25828.0
255-259	24037.0
260-264	22675.0
265-269	21391.0
270-274	19893.0
275-279	19035.0
280-284	17663.0
285-289	19611.0
290-294	21120.0
295-299	48466.0
300-302	89536.0
>>END_MODULE
>>Sequence Duplication Levels	pass
#Total Deduplicated Percentage	81.23168149221681
#Duplication Level	Percentage of deduplicated	Percentage of total
1	84.08477116773012	68.3034734984299
2	11.765598111381468	19.114786366983346
3	2.6711915915826165	6.509561537163804
4	0.8514802475658673	2.766686890687378
5	0.31932030747499396	1.2969462755402723
6	0.1287091705929504	0.6273157410440368
7	0.062486268270528514	0.35531052492521503
8	0.03549700448195555	0.23067850896048045
9	0.028176592173193873	0.20599487648540765
>10	0.0526112525022429	0.5803738579259656
>50	1.5828624403045586E-4	0.008871921854180094
>100	0.0	0.0
>500	0.0	0.0
>1k	0.0	0.0
>5k	0.0	0.0
>10k+	0.0	0.0
>>END_MODULE
>>Overrepresented sequences	pass
>>END_MODULE
>>Adapter Content	pass
#Position	Illumina Universal Adapter	Illumina Small RNA 3' Adapter	Illumina Small RNA 5' Adapter	Nextera Transposase Sequence	SOLID Small RNA Adapter
1	0.0	0.0	0.0	0.0	0.0
2	0.0	0.0	0.0	0.0	0.0
3	0.0	0.0	0.0	0.0	0.0
4	0.0	0.0	0.0	0.0	0.0
5	0.0	0.0	0.0	0.0	0.0
6	0.0	0.0	0.0	0.0	0.0
7	0.0	0.0	0.0	0.0	0.0
8	0.0	0.0	0.0	0.0	0.0
9	0.0	0.0	0.0	0.0	0.0
10-14	0.0	0.0	0.0	0.0	0.0
15-19	0.0	0.0	0.0	0.0	0.0
20-24	0.0	0.0	0.0	0.0	0.0
25-29	0.0	0.0	0.0	0.0	0.0
30-34	0.0	3.077759596197941E-4	0.0	0.0	0.0
35-39	0.0	5.129599326996569E-4	0.0	0.0	0.0
40-44	0.0	5.129599326996569E-4	0.0	0.0	0.0
45-49	0.0	5.129599326996569E-4	0.0	0.0	0.0
50-54	0.0	5.129599326996569E-4	0.0	0.0	0.0
55-59	0.0	5.129599326996569E-4	0.0	0.0	0.0
60-64	0.0	6.924959091445368E-4	0.0	0.0	0.0
65-69	0.0	7.694398990494853E-4	0.0	0.0	0.0
70-74	0.0	7.694398990494853E-4	0.0	0.0	0.0
75-79	0.0	7.694398990494853E-4	0.0	0.0	0.0
80-84	0.0	7.694398990494853E-4	0.0	0.0	0.0
85-89	0.0	7.694398990494853E-4	0.0	0.0	0.0
90-94	0.0	7.694398990494853E-4	0.0	0.0	0.0
95-99	0.0	7.694398990494853E-4	0.0	0.0	0.0
100-104	0.0	7.694398990494853E-4	0.0	0.0	0.0
105-109	0.0	8.976798822243994E-4	0.0	0.0	0.0
110-114	0.0	9.233278788593823E-4	0.0	0.0	0.0
115-119	0.0	0.0010259198653993138	0.0	0.0	0.0
120-124	0.0	0.0010259198653993138	0.0	0.0	0.0
125-129	0.0	0.0010259198653993138	0.0	0.0	0.0
130-134	0.0	0.0010259198653993138	0.0	0.0	0.0
135-139	0.0	0.0011028638553042622	0.0	0.0	0.0
140-144	0.0	0.001154159848574228	0.0	0.0	0.0
145-149	0.0	0.001282399831749142	0.0	0.0	0.0
150-154	0.0	0.001282399831749142	0.0	0.0	0.0
155-159	0.0	0.0013080478283841249	0.0	0.0	0.0
160-164	0.0	0.0014106398149240562	0.0	0.0	0.0
165-169	0.0	0.0014619358081940218	0.0	0.0	0.0
170-174	0.0	0.0016671197812738847	0.0	0.0	0.0
175-179	0.0	0.0021800797139735414	0.0	0.0	0.0
180-184	0.0	0.0021800797139735414	0.0	0.0	0.0
185-189	0.0	0.0021800797139735414	0.0	0.0	0.0
190-194	0.0	0.0021800797139735414	0.0	0.0	0.0
195-199	0.0	0.0021800797139735414	0.0	0.0	0.0
200-204	0.0	0.0022057277106085245	0.0	0.0	0.0
205-209	0.0	0.002308319697148456	0.0	0.0	0.0
210-214	0.0	0.002308319697148456	0.0	0.0	0.0
215-219	0.0	0.00243655968032337	0.0	0.0	0.0
220-224	0.0	0.00243655968032337	0.0	0.0	0.0
225-229	0.0	0.00243655968032337	0.0	0.0	0.0
230-234	0.0	0.00243655968032337	0.0	0.0	0.0
235-239	0.0	0.00243655968032337	0.0	0.0	0.0
240-244	0.0	0.00243655968032337	0.0	0.0	0.0
245-249	0.0	0.00243655968032337	0.0	0.0	0.0
250-254	0.0	0.0024622076769583528	1.0259198653993138E-4	0.0	0.0
255-259	0.0	0.002564799663498284	1.2823998317491422E-4	0.0	0.0
260-264	0.0	0.002564799663498284	1.2823998317491422E-4	0.0	0.0
265-269	0.0	0.002564799663498284	1.2823998317491422E-4	0.0	0.0
270-274	0.0	0.002564799663498284	1.2823998317491422E-4	0.0	0.0
275-279	0.0	0.002564799663498284	1.2823998317491422E-4	0.0	0.0
280-284	0.0	0.0026930396466731984	1.2823998317491422E-4	0.0	0.0
285-289	0.0	0.0026930396466731984	1.2823998317491422E-4	0.0	0.0
>>END_MODULE
>>Kmer Content	warn
#Sequence	Count	PValue	Obs/Exp Max	Max Obs/Exp Position
TTGGAGT	235	8.296891E-4	89.70006	290-294
CCCAAAA	665	0.002158265	70.4533	295
GTACTAG	65	0.006397773	53.61297	1
GTCCTAC	130	0.0021823845	46.073093	285-289
CACAAAA	1700	3.406174E-5	45.93279	295
AAAAAAA	2770	6.490154E-9	45.103676	295
TAGGGGT	110	9.64216E-4	42.20531	4
TTAGTAG	150	0.0044180616	39.930016	285-289
GTAGGAT	120	0.0014791331	38.6882	3
CCTACAC	380	1.8189894E-12	36.65198	3
TAGACTG	235	9.572595E-7	34.572437	5
AGGAAAA	1895	0.0032200313	32.96496	295
TTATAGT	510	3.8190917E-4	30.62186	295
TCAAAAA	2070	0.004961806	30.178064	295
TCTATAC	325	3.7073187E-7	28.56975	3
GTATAGC	490	2.3646862E-11	28.447699	1
GTAGACT	245	5.042051E-5	28.423986	4
TCCCTAC	260	7.514484E-5	26.806484	1
CGACTAG	35	0.0093697775	26.53756	10-14
TATAGCA	440	6.719347E-9	26.378319	2
>>END_MODULE
