##FastQC	0.11.5
>>Basic Statistics	pass
#Measure	Value
Filename	SRR4301589_1_val_1.fq
File type	Conventional base calls
Encoding	Sanger / Illumina 1.9
Total Sequences	779788
Sequences flagged as poor quality	0
Sequence length	150-301
%GC	51
>>END_MODULE
>>Per base sequence quality	pass
#Base	Mean	Median	Lower Quartile	Upper Quartile	10th Percentile	90th Percentile
1	33.75324960117365	34.0	34.0	34.0	34.0	34.0
2	33.72696168702263	34.0	34.0	34.0	34.0	34.0
3	33.74871503536859	34.0	34.0	34.0	34.0	34.0
4	33.78470173944713	34.0	34.0	34.0	34.0	34.0
5	33.77964523691055	34.0	34.0	34.0	34.0	34.0
6	37.494342051942326	38.0	38.0	38.0	37.0	38.0
7	37.54666652987735	38.0	38.0	38.0	37.0	38.0
8	37.42573366094374	38.0	38.0	38.0	37.0	38.0
9	37.43159422817484	38.0	38.0	38.0	37.0	38.0
10-14	37.19598506260676	38.0	38.0	38.0	36.4	38.0
15-19	37.34832826357933	38.0	38.0	38.0	36.8	38.0
20-24	36.96679610355635	38.0	38.0	38.0	35.2	38.0
25-29	37.22719405787215	38.0	38.0	38.0	36.0	38.0
30-34	37.11412563414671	38.0	38.0	38.0	35.8	38.0
35-39	37.20826301507589	38.0	38.0	38.0	36.0	38.0
40-44	37.13166347776575	38.0	38.0	38.0	35.8	38.0
45-49	37.16498253371429	38.0	38.0	38.0	36.0	38.0
50-54	37.14381652449127	38.0	38.0	38.0	36.0	38.0
55-59	37.15354173185533	38.0	38.0	38.0	36.0	38.0
60-64	37.06751886410153	38.0	38.0	38.0	36.0	38.0
65-69	37.109020913376455	38.0	38.0	38.0	36.0	38.0
70-74	37.11314998435473	38.0	38.0	38.0	36.0	38.0
75-79	37.078390536915165	38.0	38.0	38.0	36.0	38.0
80-84	37.05982754287062	38.0	38.0	38.0	36.0	38.0
85-89	36.807820843613904	38.0	37.6	38.0	34.8	38.0
90-94	37.02267539382499	38.0	38.0	38.0	36.0	38.0
95-99	36.95711706258624	38.0	38.0	38.0	35.2	38.0
100-104	36.92193237136247	38.0	38.0	38.0	35.0	38.0
105-109	36.87883296485712	38.0	38.0	38.0	35.0	38.0
110-114	36.840849051280614	38.0	37.6	38.0	35.0	38.0
115-119	36.865925867030526	38.0	38.0	38.0	35.0	38.0
120-124	36.81405664103577	38.0	37.4	38.0	35.0	38.0
125-129	36.781105890318905	38.0	37.0	38.0	34.8	38.0
130-134	36.72574828030183	38.0	37.0	38.0	34.0	38.0
135-139	36.71102222655389	38.0	37.0	38.0	34.0	38.0
140-144	36.67410142243789	38.0	37.0	38.0	34.0	38.0
145-149	36.6611950940512	38.0	37.0	38.0	34.0	38.0
150-154	36.59396411654125	38.0	37.0	38.0	34.0	38.0
155-159	36.53984820379644	38.0	37.0	38.0	34.0	38.0
160-164	36.43862515556684	38.0	37.0	38.0	34.0	38.0
165-169	36.46090104542986	38.0	37.0	38.0	34.0	38.0
170-174	36.23387208333556	38.0	37.0	38.0	33.2	38.0
175-179	36.3369078939689	38.0	37.0	38.0	34.0	38.0
180-184	36.185418340469184	38.0	37.0	38.0	33.6	38.0
185-189	36.14873471650625	38.0	37.0	38.0	33.4	38.0
190-194	36.103107501820475	38.0	37.0	38.0	33.4	38.0
195-199	35.837788256525855	38.0	36.2	38.0	31.4	38.0
200-204	35.74887172411995	38.0	36.0	38.0	31.0	38.0
205-209	35.690925451230136	38.0	36.0	38.0	30.2	38.0
210-214	35.484261800871934	38.0	36.0	38.0	29.2	38.0
215-219	35.46262143255548	38.0	36.0	38.0	29.0	38.0
220-224	35.36026999650646	38.0	36.0	38.0	28.4	38.0
225-229	34.74470030797599	38.0	34.6	38.0	25.2	38.0
230-234	34.812114901910434	38.0	34.4	38.0	25.8	38.0
235-239	34.53460437625474	38.0	34.0	38.0	24.8	38.0
240-244	34.56789645496171	37.6	34.0	38.0	25.0	38.0
245-249	34.21718928811568	37.0	34.0	38.0	24.0	38.0
250-254	34.16827939812847	37.0	34.0	38.0	24.0	38.0
255-259	33.607068238199965	37.0	33.6	38.0	22.6	38.0
260-264	33.27831892384461	37.0	33.4	38.0	21.8	38.0
265-269	33.050829907746866	37.0	32.6	38.0	21.6	38.0
270-274	32.538400437520764	36.6	29.6	38.0	20.6	38.0
275-279	32.26597688928926	36.2	28.6	38.0	20.0	38.0
280-284	31.982895236231645	35.8	28.6	37.4	20.0	38.0
285-289	31.271997553847676	35.0	27.2	37.0	19.6	38.0
290-294	30.936139272677657	34.6	26.2	37.0	18.8	37.8
295-299	31.703386236331788	35.0	28.2	37.0	20.8	37.8
300-301	33.27676541723301	35.0	29.5	37.0	26.5	37.5
>>END_MODULE
>>Per sequence quality scores	pass
#Quality	Count
15	7.0
16	8.0
17	11.0
18	3.0
19	7.0
20	13.0
21	13.0
22	34.0
23	63.0
24	107.0
25	251.0
26	655.0
27	1669.0
28	3649.0
29	6821.0
30	11516.0
31	17925.0
32	25598.0
33	38003.0
34	56673.0
35	93585.0
36	165407.0
37	357770.0
>>END_MODULE
>>Per base sequence content	fail
#Base	G	A	T	C
1	43.91437159843445	19.389244256131153	13.404925441273782	23.29145870416062
2	17.5967057713122	17.611453369377315	38.97290032675548	25.818940532555
3	23.174119119555574	22.309909872939826	27.23278634705843	27.283184660446175
4	15.02305754897485	15.655280666027178	34.77304087777704	34.548620907220936
5	16.610600753843922	34.02903799614486	33.393182573098365	15.967178676912857
6	33.933325467947704	33.85638147804275	16.820084433204922	15.39020862080463
7	27.582496781176424	28.22202957726972	21.06341723647966	23.1320564050742
8	25.57361744474139	35.24765705550739	18.280481361600845	20.898244138150368
9	23.454480167228798	16.192851738333097	20.17992484963515	40.17274324480296
10-14	27.22970858746223	20.98116411127127	24.5143551837166	27.2747721175499
15-19	26.00114390064992	25.91073471251161	23.135185460663667	24.952935926174806
20-24	25.555193342065785	24.56185348205004	24.475264224196415	25.407688951687756
25-29	25.71001349084623	24.398759662882732	24.360928867846134	25.530297978424905
30-34	25.715117442176595	24.4842957316604	24.316250057707993	25.48433676845502
35-39	25.72373516904595	24.417610940409446	24.330587287826948	25.528066602717665
40-44	25.64035939128793	24.48894370070015	24.294001526705024	25.57669538130689
45-49	25.706070292456484	24.31956488675509	24.33798015306215	25.63638466772627
50-54	25.70996219485296	24.42922948288509	24.323636680738865	25.53717164152308
55-59	25.748144067170607	24.321594481241636	24.264269856121604	25.66599159546615
60-64	25.700560509965833	24.457758611624023	24.290475126648886	25.55120575176126
65-69	25.77877576982462	24.301912827589035	24.243255859284833	25.676055543301512
70-74	25.68118514262851	24.394630335424498	24.297988684103885	25.626195837843106
75-79	25.760796524183494	24.31717338558685	24.241563091506922	25.68046699872273
80-84	25.699497812225886	24.404299630155887	24.278214078698312	25.617988478919912
85-89	25.76395413287125	24.35424808538568	24.194866815070277	25.686930966672794
90-94	25.79870426321	24.29642415630915	24.26400508856253	25.640866491918317
95-99	25.765333537150408	24.280076462180176	24.334014461949856	25.62057553871956
100-104	25.75868843275399	24.34561816117209	24.277850296631893	25.617843109442024
105-109	25.83494488245523	24.317609401529648	24.198346217176976	25.649099498838147
110-114	25.748280301825627	24.353619188805162	24.234073876489507	25.664026632879704
115-119	25.76236105197823	24.346617285723813	24.249052306524337	25.641969355773618
120-124	25.777185594033252	24.30758103484537	24.222121910057606	25.69311146106378
125-129	25.687520197797348	24.41414846086372	24.33007432789425	25.56825701344468
130-134	25.777211242029885	24.344180726043486	24.17210831661939	25.706499715307235
135-139	25.771183962820665	24.259362801171598	24.286754861577762	25.682698374429975
140-144	25.743817550411137	24.30101514770681	24.277342046812723	25.677825255069326
145-149	25.735661487481217	24.313095354121888	24.28195868620702	25.66928447218988
150-154	25.756320879103882	24.34154206637358	24.21464116275563	25.687495891766908
155-159	25.79724948341042	24.30674695487468	24.26666200400745	25.629341557707452
160-164	25.76093644116083	24.244787817719505	24.282914290261964	25.7113614508577
165-169	25.74199600021238	24.335607817015884	24.269293290407212	25.653102892364526
170-174	25.767331306583905	24.29777922074741	24.22016366214807	25.714725810520612
175-179	25.755687961268702	24.312165896808505	24.25231517253181	25.679830969390988
180-184	25.733908087966682	24.30149889563932	24.198369030691673	25.766223985702325
185-189	25.77070323828351	24.326966362189197	24.20673122298356	25.695599176543737
190-194	25.73257306794933	24.310236286076602	24.26479049343935	25.692400152534724
195-199	25.725228018803136	24.343698396194206	24.21202650791948	25.71904707708318
200-204	25.752471512087954	24.28266127771658	24.234067241883263	25.730799968312194
205-209	25.753474819005294	24.254872814952506	24.251614444820277	25.74003792122192
210-214	25.72000688427496	24.27087970745642	24.263735049406105	25.74537835886252
215-219	25.71065352133946	24.335757832973805	24.27046949023018	25.68311915545656
220-224	25.793483136385483	24.276838284778542	24.1837889001369	25.745889678699076
225-229	25.726976045345058	24.30572075592945	24.278911095251875	25.688392103473618
230-234	25.76218612617534	24.304476559223072	24.17125719852759	25.762080116073992
235-239	25.760958162064583	24.29937169461646	24.18053463553476	25.759135507784194
240-244	25.766284065588973	24.308922805048812	24.210064436689812	25.714728692672402
245-249	25.67194950709623	24.406240060854337	24.188858658098063	25.732951773951367
250-254	25.68877067078905	24.375930866629265	24.235266575984955	25.70003188659673
255-259	25.754911819452957	24.353596463297016	24.188264492557543	25.703227224692483
260-264	25.685886985243382	24.432857205904394	24.159669098064132	25.721586710788092
265-269	25.741409345219434	24.382978470935786	24.19038387024783	25.68522831359695
270-274	25.693125394520365	24.423396986999286	24.24296290349787	25.640514714982483
275-279	25.625513796083553	24.444548165591147	24.227637135248695	25.7023009030766
280-284	25.628872279838433	24.403459055713167	24.32296170921287	25.64470695523553
285-289	25.588316632374834	24.4670215444336	24.411711529547205	25.53295029364436
290-294	25.565283263760634	24.570731159867574	24.420444370710666	25.44354120566113
295-299	25.85172861316456	25.417717212950734	24.696699426558954	24.03385474732575
300-301	27.968404536053065	37.01768775408316	25.34091719563512	9.672990514228658
>>END_MODULE
>>Per sequence GC content	warn
#GC Content	Count
0	0.0
1	0.0
2	0.0
3	0.0
4	0.0
5	0.0
6	0.0
7	0.0
8	0.0
9	0.0
10	0.0
11	0.0
12	0.0
13	0.0
14	0.0
15	0.0
16	0.0
17	0.0
18	0.0
19	2.5
20	4.5
21	5.166666666666667
22	8.833333333333332
23	15.333333333333337
24	25.666666666666657
25	49.25000000000002
26	84.49999999999994
27	123.66666666666647
28	218.33333333333408
29	353.8333333333323
30	497.4166666666625
31	685.6666666666696
32	948.4166666666829
33	1234.250000000001
34	1556.0833333332982
35	1905.3333333332553
36	2316.666666666634
37	2709.416666666722
38	3158.2500000001573
39	3820.7500000003242
40	4556.083333333513
41	5406.749999999762
42	6409.333333332615
43	7593.2499999986885
44	9165.41666666598
45	10942.750000001082
46	12953.833333336433
47	15640.16666667265
48	18496.33333333595
49	21574.91666666281
50	25275.916666654975
51	28484.33333331455
52	30453.916666643607
53	31690.4166666411
54	31411.583333308285
55	28887.83333331363
56	25441.66666665496
57	21304.66666666358
58	16806.500000005704
59	12825.750000002952
60	9558.749999999734
61	6822.08333333249
62	4839.500000000039
63	3438.1666666668734
64	2316.8333333333053
65	1500.5833333333096
66	910.0000000000119
67	524.6666666666632
68	307.91666666666686
69	199.50000000000028
70	113.99999999999986
71	61.9166666666667
72	41.750000000000014
73	25.666666666666657
74	14.833333333333334
75	12.500000000000004
76	9.25
77	4.333333333333334
78	2.0
79	0.5
80	0.0
81	0.3333333333333333
82	0.3333333333333333
83	0.0
84	0.0
85	0.0
86	0.0
87	0.0
88	0.0
89	0.25
90	0.25
91	0.0
92	0.0
93	0.0
94	0.0
95	0.0
96	0.0
97	0.0
98	0.0
99	0.0
100	0.0
>>END_MODULE
>>Per base N content	pass
#Base	N-Count
1	0.0
2	0.0
3	0.0
4	0.0
5	0.006540239141920624
6	0.0
7	0.0
8	0.0
9	0.002308319697148456
10-14	0.0
15-19	0.0
20-24	0.0018723037543537475
25-29	0.0
30-34	0.0
35-39	0.0
40-44	0.008925502828974028
45-49	2.5647996634982845E-5
50-54	0.0
55-59	0.0023596156904184215
60-64	0.0043345114313121
65-69	0.0
70-74	0.0
75-79	0.0
80-84	0.0
85-89	0.002898223619753061
90-94	0.0
95-99	4.87311936064674E-4
100-104	0.008643374865989218
105-109	0.0
110-114	0.0
115-119	0.0
120-124	0.0
125-129	0.0
130-134	0.0
135-139	0.0
140-144	0.0
145-149	0.0
150-154	0.012448812955425517
155-159	0.0053756874878003215
160-164	0.0
165-169	0.0
170-174	0.0
175-179	0.0
180-184	0.0
185-189	0.0
190-194	0.00215571548633961
195-199	0.0
200-204	0.0
205-209	4.344474635095163E-4
210-214	0.0
215-219	0.004523763263332165
220-224	1.0019665263022894E-4
225-229	0.0
230-234	3.533668796291061E-5
235-239	2.916238344159868E-4
240-244	7.526326148075198E-5
245-249	7.785860798930534E-5
250-254	1.2108819539437012E-4
255-259	0.0
260-264	0.0018788976201795351
265-269	4.5638510139964186E-5
270-274	2.3892167956206614E-4
275-279	0.00416540157231363
280-284	0.0
285-289	0.015261432276971907
290-294	0.0010368705052426002
295-299	0.0
300-301	0.0
>>END_MODULE
>>Sequence Length Distribution	warn
#Length	Count
150-154	9534.0
155-159	9756.0
160-164	10368.0
165-169	10753.0
170-174	11311.0
175-179	11530.0
180-184	12209.0
185-189	12582.0
190-194	13140.0
195-199	13946.0
200-204	14343.0
205-209	14585.0
210-214	14893.0
215-219	15726.0
220-224	15907.0
225-229	16467.0
230-234	17033.0
235-239	17429.0
240-244	17297.0
245-249	18142.0
250-254	18442.0
255-259	19071.0
260-264	19210.0
265-269	19689.0
270-274	19741.0
275-279	20545.0
280-284	21612.0
285-289	24523.0
290-294	33267.0
295-299	115079.0
300-302	191658.0
>>END_MODULE
>>Sequence Duplication Levels	pass
#Total Deduplicated Percentage	81.45585893453328
#Duplication Level	Percentage of deduplicated	Percentage of total
1	84.24718828391602	68.62427084485729
2	11.72319632752765	19.098460526338616
3	2.6134397222272745	6.386399320429523
4	0.8062725460044081	2.6270249108048827
5	0.2936736650461686	1.1960720316394045
6	0.13640772149992536	0.6666724872047414
7	0.061873178977598024	0.35279530570412493
8	0.03775071631269822	0.24600136181157842
9	0.026602659557121017	0.19502482357514372
>10	0.053595178931177184	0.6072783876346963
>50	0.0	0.0
>100	0.0	0.0
>500	0.0	0.0
>1k	0.0	0.0
>5k	0.0	0.0
>10k+	0.0	0.0
>>END_MODULE
>>Overrepresented sequences	pass
>>END_MODULE
>>Adapter Content	pass
#Position	Illumina Universal Adapter	Illumina Small RNA 3' Adapter	Illumina Small RNA 5' Adapter	Nextera Transposase Sequence	SOLID Small RNA Adapter
1	0.0	0.0	0.0	0.0	0.0
2	0.0	0.0	0.0	0.0	0.0
3	0.0	0.0	0.0	0.0	0.0
4	0.0	0.0	0.0	0.0	0.0
5	0.0	0.0	0.0	0.0	0.0
6	0.0	0.0	0.0	0.0	0.0
7	0.0	0.0	0.0	0.0	0.0
8	0.0	0.0	0.0	0.0	0.0
9	0.0	0.0	0.0	0.0	0.0
10-14	0.0	0.0	0.0	0.0	0.0
15-19	0.0	0.0	0.0	0.0	0.0
20-24	0.0	0.0	0.0	0.0	0.0
25-29	0.0	0.0	0.0	0.0	0.0
30-34	0.0	0.0	0.0	0.0	0.0
35-39	0.0	0.0	0.0	0.0	0.0
40-44	0.0	0.0	0.0	0.0	0.0
45-49	0.0	0.0	0.0	0.0	0.0
50-54	0.0	0.0	0.0	0.0	0.0
55-59	0.0	0.0	0.0	0.0	0.0
60-64	0.0	5.129599326996569E-5	0.0	0.0	0.0
65-69	0.0	1.7953597644487993E-4	0.0	0.0	0.0
70-74	0.0	2.5647996634982844E-4	0.0	0.0	0.0
75-79	0.0	2.5647996634982844E-4	0.0	0.0	0.0
80-84	0.0	2.5647996634982844E-4	0.0	0.0	0.0
85-89	0.0	3.077759596197941E-4	0.0	0.0	0.0
90-94	0.0	3.8471994952474263E-4	0.0	0.0	0.0
95-99	0.0	3.8471994952474263E-4	0.0	0.0	0.0
100-104	0.0	3.8471994952474263E-4	0.0	0.0	0.0
105-109	0.0	3.8471994952474263E-4	0.0	0.0	0.0
110-114	0.0	4.103679461597255E-4	0.0	0.0	0.0
115-119	0.0	5.129599326996569E-4	0.0	0.0	0.0
120-124	0.0	5.129599326996569E-4	0.0	0.0	0.0
125-129	0.0	6.41199915874571E-4	0.0	0.0	0.0
130-134	0.0	6.41199915874571E-4	0.0	0.0	0.0
135-139	0.0	6.41199915874571E-4	0.0	0.0	0.0
140-144	0.0	6.41199915874571E-4	0.0	0.0	0.0
145-149	0.0	6.668479125095538E-4	0.0	0.0	0.0
150-154	0.0	7.694398990494853E-4	0.0	0.0	0.0
155-159	0.0	7.694398990494853E-4	0.0	0.0	0.0
160-164	0.0	8.463838889544339E-4	0.0	0.0	0.0
165-169	0.0	8.976798822243994E-4	0.0	0.0	0.0
170-174	0.0	0.0011285118519392449	0.0	0.0	0.0
175-179	0.0	0.0018210077610837816	0.0	0.0	0.0
180-184	0.0	0.0020518397307986275	0.0	0.0	0.0
185-189	0.0	0.0020518397307986275	0.0	0.0	0.0
190-194	0.0	0.0020518397307986275	0.0	0.0	0.0
195-199	0.0	0.0020518397307986275	0.0	0.0	0.0
200-204	0.0	0.0020518397307986275	0.0	0.0	0.0
205-209	0.0	0.0020518397307986275	0.0	0.0	0.0
210-214	0.0	0.0020518397307986275	0.0	0.0	0.0
215-219	0.0	0.0020518397307986275	0.0	0.0	0.0
220-224	0.0	0.0021800797139735414	0.0	0.0	0.0
225-229	0.0	0.002308319697148456	0.0	0.0	0.0
230-234	0.0	0.002308319697148456	0.0	0.0	0.0
235-239	0.0	0.002308319697148456	0.0	0.0	0.0
240-244	0.0	0.002308319697148456	0.0	0.0	0.0
245-249	0.0	0.002308319697148456	0.0	0.0	0.0
250-254	0.0	0.002333967693783439	0.0	0.0	0.0
255-259	0.0	0.00243655968032337	0.0	0.0	0.0
260-264	0.0	0.00243655968032337	0.0	0.0	0.0
265-269	0.0	0.0024878556735933354	0.0	0.0	0.0
270-274	0.0	0.002564799663498284	0.0	0.0	0.0
275-279	0.0	0.0026417436534032328	0.0	0.0	0.0
280-284	0.0	0.0026930396466731984	0.0	0.0	0.0
285-289	0.0	0.0026930396466731984	0.0	0.0	0.0
>>END_MODULE
>>Kmer Content	warn
#Sequence	Count	PValue	Obs/Exp Max	Max Obs/Exp Position
CATAAAA	1715	2.1995243E-4	33.489784	295
TAGGAGA	170	0.0053188065	29.798307	4
TAGTACT	220	5.3849537E-4	28.782454	4
ATTCTAC	285	7.8000885E-5	26.659931	1
GTATATA	385	7.60725E-7	26.313698	1
CTTGCAC	390	8.509069E-7	25.97801	3
TAGACAG	300	1.1049953E-4	25.32856	5
GTCCAGA	925	6.6270077E-6	24.836746	295
TCTAAGC	265	0.0015956756	23.894867	3
GTATAGT	325	1.9028822E-4	23.378708	1
TATAGAG	380	2.0435251E-5	23.327442	2
GTGTAAG	440	2.4335513E-6	23.024487	1
GTAGTAC	500	2.895722E-7	22.795704	3
CTACACT	340	2.5817225E-4	22.34873	4
CCTGGAC	1080	0.0	22.27975	3
GTATAGA	345	2.8509222E-4	22.023422	1
TACACTG	695	6.4392225E-10	21.866383	5
GTATACG	585	5.480979E-8	21.646954	1
GTATAAG	415	4.0352432E-5	21.360067	1
GTATAGG	300	0.0032818299	21.10578	1
>>END_MODULE
